 RECORD OF SVD CALCULATIONS: CASE crop


 ------------------------------------------------------------------------------
 OPTIMISATION ITERATION NO.        :    1


 CURRENT VALUE OF MARQUARDT LAMBDA =     10.0     ----->

 SINGULAR VALUES:-
   872885.8       371487.5       253759.9       226978.3       215746.1       213914.3       213346.9    


 MATRIX OF EIGENVECTORS:-
 -0.2385316      0.5692360     -0.2337496      0.2512254     -9.5054876E-02 -1.2217876E-02 -0.7015235    
 -0.7615328     -0.4742560     -0.4222761     -0.1130606     -5.3323600E-02  2.9095120E-02 -1.8955333E-02
 -0.1947097      0.3541147     -0.2053205      0.4316693     -0.1324614     -0.4767471      0.6027953    
 -0.2629103     -0.3017158      0.6444766      0.6333817      3.4641887E-02 -1.7218089E-02 -0.1477388    
 -0.1248294      0.2139406     -0.1345698      0.2180245      0.7078998      0.5634596      0.2332263    
 -0.3457792      0.3605911      0.3698211     -0.2475973     -0.4972249      0.4888660      0.2571306    
 -0.3478379      0.2425394      0.3932693     -0.4772351      0.4701281     -0.4636197     -4.2494902E-02

 Number of singular values used in solution = 7


 CURRENT VALUE OF MARQUARDT LAMBDA =     5.00     ----->

 SINGULAR VALUES:-
   766692.8       265294.5       147567.0       120785.3       109553.1       107721.3       107153.9    


 MATRIX OF EIGENVECTORS:-
 -0.2385316      0.5692360     -0.2337496      0.2512254     -9.5054876E-02 -1.2217876E-02 -0.7015235    
 -0.7615328     -0.4742560     -0.4222761     -0.1130606     -5.3323600E-02  2.9095120E-02 -1.8955333E-02
 -0.1947097      0.3541147     -0.2053205      0.4316693     -0.1324614     -0.4767471      0.6027953    
 -0.2629103     -0.3017158      0.6444766      0.6333817      3.4641887E-02 -1.7218089E-02 -0.1477388    
 -0.1248294      0.2139406     -0.1345698      0.2180245      0.7078998      0.5634596      0.2332263    
 -0.3457792      0.3605911      0.3698211     -0.2475973     -0.4972249      0.4888660      0.2571306    
 -0.3478379      0.2425394      0.3932693     -0.4772351      0.4701281     -0.4636197     -4.2494902E-02

 Number of singular values used in solution = 7


 CURRENT VALUE OF MARQUARDT LAMBDA =     20.0     ----->

 SINGULAR VALUES:-
   1085272.       583873.4       466145.9       439364.2       428132.0       426300.2       425732.8    


 MATRIX OF EIGENVECTORS:-
 -0.2385316      0.5692360     -0.2337496      0.2512254     -9.5054876E-02 -1.2217876E-02 -0.7015235    
 -0.7615328     -0.4742560     -0.4222761     -0.1130606     -5.3323600E-02  2.9095120E-02 -1.8955333E-02
 -0.1947097      0.3541147     -0.2053205      0.4316693     -0.1324614     -0.4767471      0.6027953    
 -0.2629103     -0.3017158      0.6444766      0.6333817      3.4641887E-02 -1.7218089E-02 -0.1477388    
 -0.1248294      0.2139406     -0.1345698      0.2180245      0.7078998      0.5634596      0.2332263    
 -0.3457792      0.3605911      0.3698211     -0.2475973     -0.4972249      0.4888660      0.2571306    
 -0.3478379      0.2425394      0.3932693     -0.4772351      0.4701281     -0.4636197     -4.2494902E-02

 Number of singular values used in solution = 7


 ------------------------------------------------------------------------------
 OPTIMISATION ITERATION NO.        :    2


 CURRENT VALUE OF MARQUARDT LAMBDA =     10.0     ----->

 SINGULAR VALUES:-
   198585.3       40705.99       23639.48       20794.49       16379.42       16285.06       14866.30    


 MATRIX OF EIGENVECTORS:-
 -6.4516731E-02  6.1594604E-02 -0.2178620      0.1405033     -0.9414149      2.0436547E-02 -0.1953434    
 -0.9690596     -0.1837385      7.5952866E-02  0.1059321      5.7927498E-02  8.0775329E-02 -1.7114579E-02
  2.4079321E-02  0.4567380     -0.1652299      0.6068476      0.1489138      0.6021896      0.1021663    
 -0.2287444      0.7628106     -0.2897022     -0.4976141      7.1300803E-02 -0.1517992     -7.8243633E-02
 -4.1080362E-02 -6.6259560E-02 -0.5795164      0.3838607      9.4290540E-02 -0.5850318      0.3994757    
 -3.5819476E-02  0.4071147      0.7055971      0.3053982     -0.1411842     -0.4220812      0.2091740    
  2.9775832E-02  4.2707457E-02 -4.2807808E-02  0.3354643      0.2330228     -0.2949027     -0.8611930    

 Number of singular values used in solution = 7


 CURRENT VALUE OF MARQUARDT LAMBDA =     5.00     ----->

 SINGULAR VALUES:-
   191328.5       33449.14       16382.63       13537.63       9122.571       9028.207       7609.447    


 MATRIX OF EIGENVECTORS:-
 -6.4516731E-02  6.1594604E-02 -0.2178620      0.1405033     -0.9414149     -2.0436547E-02  0.1953434    
 -0.9690596     -0.1837385      7.5952866E-02  0.1059321      5.7927498E-02 -8.0775329E-02  1.7114579E-02
  2.4079321E-02  0.4567380     -0.1652299      0.6068476      0.1489138     -0.6021896     -0.1021663    
 -0.2287444      0.7628106     -0.2897022     -0.4976141      7.1300803E-02  0.1517992      7.8243633E-02
 -4.1080362E-02 -6.6259560E-02 -0.5795164      0.3838607      9.4290540E-02  0.5850318     -0.3994757    
 -3.5819476E-02  0.4071147      0.7055971      0.3053982     -0.1411842      0.4220812     -0.2091740    
  2.9775832E-02  4.2707457E-02 -4.2807808E-02  0.3354643      0.2330228      0.2949027      0.8611930    

 Number of singular values used in solution = 7


 CURRENT VALUE OF MARQUARDT LAMBDA =     20.0     ----->

 SINGULAR VALUES:-
   213099.1       55219.70       38153.19       35308.19       30893.13       30798.76       29380.01    


 MATRIX OF EIGENVECTORS:-
 -6.4516731E-02  6.1594604E-02 -0.2178620      0.1405033     -0.9414149      2.0436547E-02 -0.1953434    
 -0.9690596     -0.1837385      7.5952866E-02  0.1059321      5.7927498E-02  8.0775329E-02 -1.7114579E-02
  2.4079321E-02  0.4567380     -0.1652299      0.6068476      0.1489138      0.6021896      0.1021663    
 -0.2287444      0.7628106     -0.2897022     -0.4976141      7.1300803E-02 -0.1517992     -7.8243633E-02
 -4.1080362E-02 -6.6259560E-02 -0.5795164      0.3838607      9.4290540E-02 -0.5850318      0.3994757    
 -3.5819476E-02  0.4071147      0.7055971      0.3053982     -0.1411842     -0.4220812      0.2091740    
  2.9775832E-02  4.2707457E-02 -4.2807808E-02  0.3354643      0.2330228     -0.2949027     -0.8611930    

 Number of singular values used in solution = 7


 CURRENT VALUE OF MARQUARDT LAMBDA =     40.0     ----->

 SINGULAR VALUES:-
   242126.5       84247.11       67180.60       64335.60       59920.54       59826.18       58407.42    


 MATRIX OF EIGENVECTORS:-
 -6.4516731E-02  6.1594604E-02 -0.2178620      0.1405033     -0.9414149      2.0436547E-02 -0.1953434    
 -0.9690596     -0.1837385      7.5952866E-02  0.1059321      5.7927498E-02  8.0775329E-02 -1.7114579E-02
  2.4079321E-02  0.4567380     -0.1652299      0.6068476      0.1489138      0.6021896      0.1021663    
 -0.2287444      0.7628106     -0.2897022     -0.4976141      7.1300803E-02 -0.1517992     -7.8243633E-02
 -4.1080362E-02 -6.6259560E-02 -0.5795164      0.3838607      9.4290540E-02 -0.5850318      0.3994757    
 -3.5819476E-02  0.4071147      0.7055971      0.3053982     -0.1411842     -0.4220812      0.2091740    
  2.9775832E-02  4.2707457E-02 -4.2807808E-02  0.3354643      0.2330228     -0.2949027     -0.8611930    

 Number of singular values used in solution = 7


 CURRENT VALUE OF MARQUARDT LAMBDA =     80.0     ----->

 SINGULAR VALUES:-
   300181.3       142301.9       125235.4       122390.4       117975.4       117881.0       116462.2    


 MATRIX OF EIGENVECTORS:-
 -6.4516731E-02  6.1594604E-02 -0.2178620      0.1405033     -0.9414149      2.0436547E-02 -0.1953434    
 -0.9690596     -0.1837385      7.5952866E-02  0.1059321      5.7927498E-02  8.0775329E-02 -1.7114579E-02
  2.4079321E-02  0.4567380     -0.1652299      0.6068476      0.1489138      0.6021896      0.1021663    
 -0.2287444      0.7628106     -0.2897022     -0.4976141      7.1300803E-02 -0.1517992     -7.8243633E-02
 -4.1080362E-02 -6.6259560E-02 -0.5795164      0.3838607      9.4290540E-02 -0.5850318      0.3994757    
 -3.5819476E-02  0.4071147      0.7055971      0.3053982     -0.1411842     -0.4220812      0.2091740    
  2.9775832E-02  4.2707457E-02 -4.2807808E-02  0.3354643      0.2330228     -0.2949027     -0.8611930    

 Number of singular values used in solution = 7
